00000000000000000000000000000000
00000000000000000000000000000000
00000000000000000000000000000000
00000000000000000000000000000000
00000000111111111111111111000000
00001111111111111111111111111100
00111111111111111111111111111111
00111111000000000000000011111111
11111100000000000000000000001111
00000000000000000000000000001111
00000000000000000000000000001111
00000000000000000000000000111111
00000000000000000000000011111111
00000000000011111111111111111100
00000000000011111111111111111111
00000000000000000000000011111111
00000000000000000000000000001111
00000000000000000000000000001111
00000000000000000000000000001111
11111100000000000000000000001111
00111111000000000000000011111111
00111111111111111111111111111111
00001111111111111111111111111100
00000000111111111111111111000000
00000000000000000000000000000000
00000000000000000000000000000000
00000000000000000000000000000000
00000000000000000000000000000000
00000000000000000000000000000000
00000000000000000000000000000000
00000000000000000000000000000000
00000000000000000000000000000000
