00000000000000000000000000000000
00000000000000000000000000000000
00000000000000000000000000000000
00000000000000000000000000000000
00000000000000000000000000000000
00000000000000000000000011110000
00000000000000000000001111110000
00000000000000000000111111110000
00000000000000000011111111110000
00000000000000011111111111110000
00000000000001111111111111110000
00000000011111111100001111110000
00000001111111100000001111110000
00000111111110000000001111110000
00011111111000000000001111110000
00011111100000000000001111110000
00011111100000000000001111110000
00011111100000000000001111110000
00011111111111111111111111111111
00011111111111111111111111111111
00000000000000000000001111110000
00000000000000000000001111110000
00000000000000000000001111110000
00000000000000011111111111111111
00000000000000011111111111111111
00000000000000011111111111111111
00000000000000000000000000000000
00000000000000000000000000000000
00000000000000000000000000000000
00000000000000000000000000000000
00000000000000000000000000000000
00000000000000000000000000000000
