00000000000000000000000000000000
00000000000000000000000000000000
00000000000000000000000000000000
00000000000000000000000000000000
00000000000000000000000000000000
00000000000000000000000000000000
00000000000000000000000111110000
00000000000000000000011111110000
00000000000000000000011111110000
00000000000000000001111111110000
00000000000000001111111111110000
00000000000000111111111111110000
00000000000011111111111111110000
00000000001111111110011111110000
00000001111111110000011111110000
00000111111111000000011111110000
00011111110000000000011111110000
00011111110000000000011111110000
00011111110000000000011111110000
00011111111111111111111111111111
00011111111111111111111111111111
00011111111111111111111111111111
00000000000000000000011111110000
00000000000000000000011111110000
00000000000000000000011111110000
00000000000000001111111111111111
00000000000000001111111111111111
00000000000000001111111111111111
00000000000000000000000000000000
00000000000000000000000000000000
00000000000000000000000000000000
00000000000000000000000000000000
