00000000000000000000000000000000
00000000000000000000000000000000
00000000000000000000000000000000
00000000000000000000000000000000
00000000000000000000000000000000
00000000000000000000000001110000
00000000000000000000000111110000
00000000000000000000111111110000
00000000000000000011111111110000
00000000000000011111111111110000
00000000000001111111111111110000
00000000000001111111000111110000
00000000001111111100000111110000
00000000111111100000000111110000
00000111111110000000000111110000
00011111111110000000000111110000
00011111110000000000000111110000
00011111110000000000000111110000
00011111110000000000000111110000
00011111111111111111111111111111
00011111111111111111111111111111
00011111111111111111111111111111
00000000000000000000000111110000
00000000000000000000000111110000
00000000000000000000000111110000
00000000000000011111111111111111
00000000000000011111111111111111
00000000000000011111111111111111
00000000000000000000000000000000
00000000000000000000000000000000
00000000000000000000000000000000
00000000000000000000000000000000
