00000000000000000000000000000000
00000000000000000000000000000000
00000000000000000000000000000000
00000000000000000000000011110000
00000000000000000000001111110000
00000000000000000000111111110000
00000000000000001111111111110000
00000000000000111111111111110000
00000000000011111111111111110000
00000000001111111111001111110000
00000000111111110000001111110000
00000011111111000000001111110000
00001111111100000000001111110000
00111111000000000000001111110000
00111111000000000000001111110000
00111111111111111111111111111111
00111111111111111111111111111111
00111111111111111111111111111111
00111111111111111111111111111111
00000000000000000000001111110000
00000000000000000000001111110000
00000000000000000000001111110000
00000000000000111111111111111111
00000000000000111111111111111111
00000000000000111111111111111111
00000000000000000000000000000000
00000000000000000000000000000000
00000000000000000000000000000000
00000000000000000000000000000000
00000000000000000000000000000000
00000000000000000000000000000000
00000000000000000000000000000000
