00000000000000000000000111111000
00000000000000000000000111111000
00000000000000000000011111111000
00000000000000000001111111111000
00000000000000000001111111111000
00000000000000000001111111111000
00000000000000000111111111111000
00000000000000001111111111111000
00000000000000111111111111111000
00000000001111111110011111111000
00000000001111111110011111111000
00000000111111111000011111111000
00000011111111110000011111111000
00001111111111000000011111111000
00001111111111000000011111111000
00111111110000000000011111111000
00111111110000000000011111111000
00111111110000000000011111111000
00111111000000000000011111111000
00111111000000000000011111111000
00111111000000000000011111111000
00111111111111111111111111111111
00111111111111111111111111111111
00111111111111111111111111111111
00111111111111111111111111111111
00000000000000000000011111111000
00000000000000000000011111111000
00000000000000000000011111111000
00000000000000000000011111111000
00000000000000000000011111111000
00000000000000001111111111111111
00000000000000001111111111111111
