00000000000000000000000000000000
00000000000000000000000000000000
00000000000000000000000000000000
00000000000000000000000000000000
00000000000000000000000000000000
00000000000000000000000000000000
00000000000000000000000000000000
00000000000000000000000000000000
00000000000000000000000000000000
00111111111111111111111111111111
00111111111111111111111111111111
00111111111111111111111111111111
00000000000000000000000000001111
00000000000000000000000000001111
00000000000000000000000000001111
00000000000000000000000000001111
00000000000000000000000000111111
00000000000000000000000000111111
00000000000000000000001111111111
00000000000000000011111111110000
00000000000000001111111111000000
00000000000000111111110000000000
00000000000000111111000000000000
00000000000000111111000000000000
00000000000000111111000000000000
00000000000000111111000000000000
00000000000000111111000000000000
00000000000000111111000000000000
00000000000000111111000000000000
00000000000000000000000000000000
00000000000000000000000000000000
00000000000000000000000000000000
