00000000000000000000000000000000
00000000000000000000000000000000
00000000000000000000000000000000
00000011111111111111111111111100
00001111111111111111111111111111
00001111111100000000000011111111
00111111110000000000000000111111
00111111000000000000000000001111
00111111000000000000000000001111
00111111000000000000000000001111
00111111000000000000000000001111
00111111000000000000000000001111
00111111000000000000000000001111
00111111110000000000000000001111
00001111111100000000000000111111
00000011111111111111111111111111
00000000111111111111111111111111
00000000111111111111111111111111
00000000000011111111111111001111
00000000000000000000000000001111
00000000000000000000000000111111
00000000000000000000000011111111
00000000000000000000001111111111
00000000000000000000111111111100
00000000000000000011111111110000
00000000000000001111111111000000
00000000000000001111111100000000
00000000000000001111110000000000
00000000000000000000000000000000
00000000000000000000000000000000
00000000000000000000000000000000
00000000000000000000000000000000
