00000000000000000000000000000000
00000000000000000000000000000000
00000000000000000000000000000000
00000000000000000000000000000000
00000011111111111111111111111110
00001111111111111111111111111111
00001111111100000000000001111111
00111111110000000000000000011111
00111111000000000000000000000111
00111111000000000000000000000111
00111111000000000000000000000111
00111111000000000000000000000111
00111111000000000000000000000111
00111111110000000000000000000111
00001111111100000000000000011111
00000011111111111111111111111111
00000000111111111111111111111111
00000000111111111111111111111111
00000000000011111111111111100111
00000000000000000000000000011111
00000000000000000000000001111111
00000000000000000000000111111111
00000000000000000000011111111110
00000000000000000001111111111000
00000000000000001111111111100000
00000000000000001111111110000000
00000000000000001111111000000000
00000000000000000000000000000000
00000000000000000000000000000000
00000000000000000000000000000000
00000000000000000000000000000000
00000000000000000000000000000000
