00000000000000000000000000000000
00000000000000000000000000000000
00000000000000000000000000000000
00000000000000000000000000000000
00000000000000000000000000000000
00000000000111111111111111000000
00000001111111111111111111111100
00000111111111111111111111111111
00000111111000000000000011111111
00011111100000000000000000111111
00011111100000000000000000001111
00011111100000000000000000000000
00011111100000000000000000000000
00011111100000000000000000000000
00011111100000000000000000000000
00011111100000000000000000000000
00011111100000000000000000000000
00011111100000000000000000000000
00011111100000000000000000000000
00011111100000000000000000000000
00011111100000000000000000000000
00011111100000000000000000000000
00011111100000000000000000000000
00011111100000000000000000001111
00011111111000000000000000001111
00000111111110000000000011111111
00000111111111111111111111111111
00000001111111111111111111111100
00000000000111111111111111000000
00000000000000000000000000000000
00000000000000000000000000000000
00000000000000000000000000000000
