00000000000000000000000000000000
00000000000000000000000000000000
00000000000000000000000000000000
00000000000000000000000000000000
00011111111111111111111111111111
00011111111111111111111111111111
00011111111111111111111111111111
00011111111111111111111111111111
00011111111110000000000000000000
00011111111110000000000000000000
00011111111110000000000000000000
00011111111110000000000000000000
00011111111110000000000000000000
00011111111110000000000000000000
00011111111111111111111111111100
00011111111111111111111111111100
00011111111111111111111111111100
00011111111111111111111111111100
00011111111111111111111111111100
00011111111110000000000000000000
00011111111110000000000000000000
00011111111110000000000000000000
00011111111110000000000000000000
00011111111110000000000000000000
00011111111110000000000000000000
00011111111111111111111111111111
00011111111111111111111111111111
00011111111111111111111111111111
00011111111111111111111111111111
00011111111111111111111111111111
00000000000000000000000000000000
00000000000000000000000000000000
