00111111111111111111111111111111
00111111111111111111111111111111
00111111111111111111111111111111
00111111111111111111111111111111
00111111111111111111111111111111
00111111111100000000000000000000
00111111111100000000000000000000
00111111111100000000000000000000
00111111111100000000000000000000
00111111111100000000000000000000
00111111111100000000000000000000
00111111111100000000000000000000
00111111111100000000000000000000
00111111111100000000000000000000
00111111111111111111111111111000
00111111111111111111111111111000
00111111111111111111111111111000
00111111111111111111111111111000
00111111111111111111111111111000
00111111111100000000000000000000
00111111111100000000000000000000
00111111111100000000000000000000
00111111111100000000000000000000
00111111111100000000000000000000
00111111111100000000000000000000
00111111111100000000000000000000
00111111111111111111111111111111
00111111111111111111111111111111
00111111111111111111111111111111
00111111111111111111111111111111
00111111111111111111111111111111
00111111111111111111111111111111
