00000000000000000000000000000000
00000000000000000000000000000000
00000000000000000000000000000000
00011111111111111111111111111111
00011111111111111111111111111111
00011111111111111111111111111111
00011111111111111111111111111111
00011111111111000000000000000000
00011111111111000000000000000000
00011111111111000000000000000000
00011111111111000000000000000000
00011111111111000000000000000000
00011111111111000000000000000000
00011111111111111111111111111100
00011111111111111111111111111100
00011111111111111111111111111100
00011111111111111111111111111100
00011111111111111111111111111100
00011111111111111111111111111100
00011111111111000000000000000000
00011111111111000000000000000000
00011111111111000000000000000000
00011111111111000000000000000000
00011111111111000000000000000000
00011111111111000000000000000000
00011111111111000000000000000000
00011111111111000000000000000000
00011111111111000000000000000000
00011111111111000000000000000000
00011111111111000000000000000000
00000000000000000000000000000000
00000000000000000000000000000000
