00000000000000000000000000000000
00000000000000000000000000000000
00000000000000000000000000000000
00000000000000000000000000000000
00000000000000000000000000000000
00000000000000000000000000000000
00000000000000000000000000000000
00000000000000000000000000000000
00000000000000000000000000000000
00000000001111111111111111111111
00000000111111111111111111111111
00000111111111111111111111111111
00011111111111111111111111111111
00011111111111100000000000000000
00011111111110000000000000000000
00011111111110000000000000000000
00011111111110000000000000000000
00011111111110000000000000000000
00011111111110000000000000000000
00011111111110000011111111111111
00011111111110000011111111111111
00011111111110000011111111111111
00011111111110000000000001111111
00011111111110000000000001111111
00011111111110000000000001111111
00011111111110000000000001111111
00011111111111100000000001111111
00011111111111111111111111111111
00000111111111111111111111111111
00000000111111111111111111111111
00000000001111111111111111111111
00000000000000000000000000000000
