00000000000000000000000000000000
00000000000000000000000000000000
00000000000000000000000000000000
00000000000000000000000000000000
00000000000000000000000000000000
00000000000000000000000000000000
00000000001111111111111111111111
00000001111111111111111111111111
00000111111111111111111111111111
00011111111111111111111111111111
00011111111111000000000000000000
00011111111100000000000000000000
00011111111100000000000000000000
00011111111100000000000000000000
00011111111100000000000000000000
00011111111100000000000000000000
00011111111100000001111111111111
00011111111100000001111111111111
00011111111100000001111111111111
00011111111100000001111111111111
00011111111100000001111111111111
00011111111100000000000000111111
00011111111100000000000000111111
00011111111100000000000000111111
00011111111100000000000000111111
00011111111100000000000000111111
00011111111111000000000000111111
00011111111111111111111111111111
00000111111111111111111111111111
00000001111111111111111111111111
00000000001111111111111111111111
00000000000000000000000000000000
