00000000000000000000000000000000
00000000000000000000000000000000
00000000000000000000000000000000
00000000000000000000000000000000
00000000000111111111111111111111
00000000111111111111111111111111
00000011111111111111111111111111
00011111111111111111111111111111
00011111111111110000000000000000
00011111111111000000000000000000
00011111111111000000000000000000
00011111111111000000000000000000
00011111111111000000000000000000
00011111111111000000000000000000
00011111111111000001111111111111
00011111111111000001111111111111
00011111111111000001111111111111
00011111111111000001111111111111
00011111111111000001111111111111
00011111111111000000000011111111
00011111111111000000000011111111
00011111111111000000000011111111
00011111111111000000000011111111
00011111111111000000000011111111
00011111111111110000000011111111
00011111111111111111111111111111
00000011111111111111111111111111
00000000111111111111111111111111
00000000000111111111111111111111
00000000000000000000000000000000
00000000000000000000000000000000
00000000000000000000000000000000
