00000000000000000000000000000000
00000000000000000000000000000000
00000000000000000000000000000000
00011111110000000000000000001111
00011111110000000000000000001111
00011111110000000000000000001111
00011111110000000000000000001111
00011111110000000000000000001111
00011111110000000000000000001111
00011111110000000000000000001111
00011111110000000000000000001111
00011111110000000000000000001111
00011111110000000000000000001111
00011111111111111111111111111111
00011111111111111111111111111111
00011111111111111111111111111111
00011111110000000000000000001111
00011111110000000000000000001111
00011111110000000000000000001111
00011111110000000000000000001111
00011111110000000000000000001111
00011111110000000000000000001111
00011111110000000000000000001111
00011111110000000000000000001111
00011111110000000000000000001111
00011111110000000000000000001111
00000000000000000000000000000000
00000000000000000000000000000000
00000000000000000000000000000000
00000000000000000000000000000000
00000000000000000000000000000000
00000000000000000000000000000000
