00000000000000000000000000000000
00000000000000000000000000000000
00000000000000000000000000000000
00000000000000000000000000000000
00111111000000000000000000001111
00111111000000000000000000001111
00111111000000000000000000001111
00111111000000000000000000001111
00111111000000000000000000001111
00111111000000000000000000001111
00111111000000000000000000001111
00111111000000000000000000001111
00111111000000000000000000001111
00111111000000000000000000001111
00111111111111111111111111111111
00111111111111111111111111111111
00111111111111111111111111111111
00111111111111111111111111111111
00111111000000000000000000001111
00111111000000000000000000001111
00111111000000000000000000001111
00111111000000000000000000001111
00111111000000000000000000001111
00111111000000000000000000001111
00111111000000000000000000001111
00111111000000000000000000001111
00111111000000000000000000001111
00000000000000000000000000000000
00000000000000000000000000000000
00000000000000000000000000000000
00000000000000000000000000000000
00000000000000000000000000000000
