00111111000000000000000000000111
00111111000000000000000000000111
00111111000000000000000000000111
00111111000000000000000000000111
00111111000000000000000000000111
00111111000000000000000000000111
00111111000000000000000000000111
00111111000000000000000000000111
00111111000000000000000000000111
00111111000000000000000000000111
00111111000000000000000000000111
00111111000000000000000000000111
00111111000000000000000000000111
00111111000000000000000000000111
00111111000000000000000000000111
00111111111111111111111111111111
00111111111111111111111111111111
00111111111111111111111111111111
00111111111111111111111111111111
00111111111111111111111111111111
00111111111111111111111111111111
00111111000000000000000000000111
00111111000000000000000000000111
00111111000000000000000000000111
00111111000000000000000000000111
00111111000000000000000000000111
00111111000000000000000000000111
00111111000000000000000000000111
00111111000000000000000000000111
00111111000000000000000000000111
00111111000000000000000000000111
00111111000000000000000000000111
