00000000000000000000000000000000
00000000000000000000000000000000
00011111110000000000000000001111
00011111110000000000000000001111
00011111110000000000000001111111
00011111110000000000000111111100
00011111110000000000111111110000
00011111110000000011111111110000
00011111110000011111111110000000
00011111110001111111111000000000
00011111110001111111000000000000
00011111111111111100000000000000
00011111111111100000000000000000
00011111111111111100000000000000
00011111110001111111000000000000
00011111110001111111111000000000
00011111110000011111111110000000
00011111110000011111111110000000
00011111110000000011111111110000
00011111110000000000111111110000
00011111110000000000000111111100
00011111110000000000000001111111
00011111110000000000000000001111
00011111110000000000000000001111
00000000000000000000000000000000
00000000000000000000000000000000
00000000000000000000000000000000
00000000000000000000000000000000
00000000000000000000000000000000
00000000000000000000000000000000
00000000000000000000000000000000
00000000000000000000000000000000
