00000000000000000000000000000000
00000000000000000000000000000000
00000000000000000000000000000000
00000000000000000000000000000000
00011111110000000000000000001111
00011111110000000000000000111111
00011111110000000000000111111111
00011111110000000000011111111100
00011111110000000000011111110000
00011111110000000001111111000000
00011111110000001111111000000000
00011111110000111111100000000000
00011111110011111111100000000000
00011111111111111110000000000000
00011111111111110000000000000000
00011111111111110000000000000000
00011111111111111110000000000000
00011111111111111110000000000000
00011111110011111111100000000000
00011111110000111111100000000000
00011111110000001111111000000000
00011111110000000001111111000000
00011111110000000000011111110000
00011111110000000000011111111100
00011111110000000000000111111111
00011111110000000000000000111111
00011111110000000000000000001111
00000000000000000000000000000000
00000000000000000000000000000000
00000000000000000000000000000000
00000000000000000000000000000000
00000000000000000000000000000000
