00000000000000000000000000000000
00000000000000000000000000000000
00000000000000000000000000000000
00000000000000000000000000000000
00011111100000000000000000001111
00011111100000000000000000111111
00011111100000000000000011111111
00011111100000000000001111111100
00011111100000000000111111110000
00011111100000000011111111000000
00011111100000011111111100000000
00011111100001111111110000000000
00011111100111111111000000000000
00011111111111111100000000000000
00011111111111100000000000000000
00011111111111100000000000000000
00011111111111111100000000000000
00011111111111111100000000000000
00011111100111111111000000000000
00011111100001111111110000000000
00011111100000011111111100000000
00011111100000000011111111000000
00011111100000000000111111110000
00011111100000000000001111111100
00011111100000000000000011111111
00011111100000000000000000111111
00011111100000000000000000001111
00000000000000000000000000000000
00000000000000000000000000000000
00000000000000000000000000000000
00000000000000000000000000000000
00000000000000000000000000000000
