00000000000000000000000000000000
00000000000000000000000000000000
00000000000000000000000000000000
00011111111110000000000001111111
00011111111110000000000111111111
00011111111110000000000111111111
00011111111110000000111111111111
00011111111110000011111111111100
00011111111110011111111111110000
00011111111111111111111110000000
00011111111111111111111000000000
00011111111111111111000000000000
00011111111111111100000000000000
00011111111111111100000000000000
00011111111111111111111000000000
00011111111111111111111000000000
00011111111111111111111110000000
00011111111111111111111110000000
00011111111111111111111110000000
00011111111110011111111111110000
00011111111110000011111111110000
00011111111110000000111111111100
00011111111110000000111111111100
00011111111110000000000111111111
00011111111110000000000111111111
00011111111110000000000001111111
00011111111110000000000001111111
00011111111110000000000001111111
00011111111110000000000001111111
00011111111110000000000001111111
00000000000000000000000000000000
00000000000000000000000000000000
