00111111000000000000000000001111
00111111000000000000000000001111
00111111000000000000000000111111
00111111000000000000000011111111
00111111000000000000001111111100
00111111000000000000001111111100
00111111000000000000111111110000
00111111000000001111111111000000
00111111000000001111111111000000
00111111000000111111111100000000
00111111000000111111111100000000
00111111000011111111110000000000
00111111001111111111000000000000
00111111111111110000000000000000
00111111111111110000000000000000
00111111111111000000000000000000
00111111111111000000000000000000
00111111111111000000000000000000
00111111111111110000000000000000
00111111111111110000000000000000
00111111001111111111000000000000
00111111001111111111000000000000
00111111000011111111110000000000
00111111000011111111110000000000
00111111000000111111111100000000
00111111000000001111111111000000
00111111000000000000111111110000
00111111000000000000001111111100
00111111000000000000001111111100
00111111000000000000000011111111
00111111000000000000000000111111
00111111000000000000000000001111
