00000000000000000000000000000000
00000000000000000000000000000000
00000000000000000000000000000000
00011111111100000000000000011111
00011111111100000000000000011111
00011111111111100000000011111111
00011111111111100000000011111111
00011111111111111100011111111111
00011111111111111100011111111111
00011111111111111111111111111111
00011111111111111111111111111111
00011111111100011111111100011111
00011111111100011111111100011111
00011111111100000000000000011111
00011111111100000000000000011111
00011111111100000000000000011111
00011111111100000000000000011111
00011111111100000000000000011111
00011111111100000000000000011111
00011111111100000000000000011111
00011111111100000000000000011111
00011111111100000000000000011111
00011111111100000000000000011111
00011111111100000000000000011111
00011111111100000000000000011111
00011111111100000000000000011111
00011111111100000000000000011111
00000000000000000000000000000000
00000000000000000000000000000000
00000000000000000000000000000000
00000000000000000000000000000000
00000000000000000000000000000000
