00000000000000000000000000000000
00000000000000000000000000000000
00000000000000000000000000000000
00000000000000000000000000000000
00000000000000000000000000000000
00000000000000000000000000000000
00011111110000000000000000000011
00011111111110000000000000001111
00011111111110000000000000001111
00011111111111100000000001111111
00011111111111111100000111111111
00011111111111111111111111111111
00011111110001111111111111111111
00011111110001111111111110001111
00011111110000011111111000001111
00011111110000011111111000001111
00011111110000011111111000001111
00011111110000011111111000001111
00011111110000011111111000001111
00011111110000011111111000001111
00011111110000000000000000001111
00011111110000000000000000001111
00011111110000000000000000001111
00011111110000000000000000001111
00011111110000000000000000001111
00011111110000000000000000001111
00011111110000000000000000001111
00011111110000000000000000001111
00011111110000000000000000001111
00000000000000000000000000000000
00000000000000000000000000000000
00000000000000000000000000000000
