00000000000000000000000000000000
00000000000000000000000000000000
00000000000000000000000000000000
00011111111111000000000011111111
00011111111111000000000011111111
00011111111111110000001111111111
00011111111111110000001111111111
00011111111111111111111111111111
00011111111111111111111111111111
00011111111111111111111111111111
00011111111111111111111111111111
00011111111111001111110011111111
00011111111111001111110011111111
00011111111111000000000011111111
00011111111111000000000011111111
00011111111111000000000011111111
00011111111111000000000011111111
00011111111111000000000011111111
00011111111111000000000011111111
00011111111111000000000011111111
00011111111111000000000011111111
00011111111111000000000011111111
00011111111111000000000011111111
00011111111111000000000011111111
00011111111111000000000011111111
00011111111111000000000011111111
00011111111111000000000011111111
00011111111111000000000011111111
00011111111111000000000011111111
00000000000000000000000000000000
00000000000000000000000000000000
00000000000000000000000000000000
