00000000000000000000000000000000
00000000000000000000000000000000
00000000000000000000000000000000
00000000000000000000000000000000
00000000000000000000000000000000
00000000000000000000000000000000
00000000000000000000000000000000
00011111100000000000000000000011
00011111111000000000000000001111
00011111111110000000000000111111
00011111111111100000000011111111
00011111111111111100001111111111
00011111111111111111111111111111
00011111100111111111111111001111
00011111100001111111111100001111
00011111100000011111110000001111
00011111100000011111110000001111
00011111100000011111110000001111
00011111100000011111110000001111
00011111100000011111110000001111
00011111100000011111110000001111
00011111100000000000000000001111
00011111100000000000000000001111
00011111100000000000000000001111
00011111100000000000000000001111
00011111100000000000000000001111
00011111100000000000000000001111
00011111100000000000000000001111
00011111100000000000000000001111
00011111100000000000000000001111
00000000000000000000000000000000
00000000000000000000000000000000
