00000000000000000000000000000000
00000000000000000000000000000000
00000000000000000000000000000000
00000000000000000000000000000000
00000000000000000000000000000000
00000000000000000000000000000000
00000000000000000000000000000000
00011111110000000000000000000011
00011111111100000000000000001111
00011111111111000000000000111111
00011111111111110000000111111111
00011111111111111110011111111111
00011111111111111111111111111111
00011111110011111111111111001111
00011111110000111111111000001111
00011111110000001111100000001111
00011111110000001111100000001111
00011111110000001111100000001111
00011111110000001111100000001111
00011111110000001111100000001111
00011111110000001111100000001111
00011111110000000000000000001111
00011111110000000000000000001111
00011111110000000000000000001111
00011111110000000000000000001111
00011111110000000000000000001111
00011111110000000000000000001111
00011111110000000000000000001111
00011111110000000000000000001111
00011111110000000000000000001111
00000000000000000000000000000000
00000000000000000000000000000000
