00000000000000000000000000000000
00000000000000000000000000000000
00000000000000000000000000000000
00000000000000000000000000000000
00000000000000000000000000000000
00000000000000000000000000000000
00000000000000000000000000000000
00111111000000000000000000000011
00111111110000000000000000001111
00111111111100000000000000111111
00111111111111000000000011111111
00111111111111110000001111111111
00111111111111111111111111111111
00111111001111111111111111001111
00111111000011111111111100001111
00111111000000111111110000001111
00111111000000111111110000001111
00111111000000111111110000001111
00111111000000111111110000001111
00111111000000111111110000001111
00111111000000111111110000001111
00111111000000000000000000001111
00111111000000000000000000001111
00111111000000000000000000001111
00111111000000000000000000001111
00111111000000000000000000001111
00111111000000000000000000001111
00111111000000000000000000001111
00111111000000000000000000001111
00111111000000000000000000001111
00000000000000000000000000000000
00000000000000000000000000000000
