00111111000000000000000000000001
00111111000000000000000000000001
00111111110000000000000000000111
00111111110000000000000000000111
00111111110000000000000000000111
00111111111111000000000000011111
00111111111111000000000000011111
00111111111111110000000111111111
00111111111111111000011111111111
00111111111111111000011111111111
00111111111111111111111111111111
00111111000000111111111000000111
00111111000000111111111000000111
00111111000000001111100000000111
00111111000000001111100000000111
00111111000000001111100000000111
00111111000000001111100000000111
00111111000000001111100000000111
00111111000000001111100000000111
00111111000000001111100000000111
00111111000000000000000000000111
00111111000000000000000000000111
00111111000000000000000000000111
00111111000000000000000000000111
00111111000000000000000000000111
00111111000000000000000000000111
00111111000000000000000000000111
00111111000000000000000000000111
00111111000000000000000000000111
00111111000000000000000000000111
00111111000000000000000000000111
00111111000000000000000000000111
