00111111111111111111111111100000
00111111111111111111111111100000
00111111111111111111111111111000
00111111111111111111111111111111
00111111111111111111111111111111
00111111111111111111111111111111
00111111111100000000011111111111
00111111111100000000000001111111
00111111111100000000000001111111
00111111111100000000000001111111
00111111111100000000000001111111
00111111111100000000000001111111
00111111111100000000000001111111
00111111111100000000011111111111
00111111111111111111111111111111
00111111111111111111111111111111
00111111111111111111111111111000
00111111111111111111111111111000
00111111111111111111111111111000
00111111111111111111111111100000
00111111111100000000000000000000
00111111111100000000000000000000
00111111111100000000000000000000
00111111111100000000000000000000
00111111111100000000000000000000
00111111111100000000000000000000
00111111111100000000000000000000
00111111111100000000000000000000
00111111111100000000000000000000
00111111111100000000000000000000
00111111111100000000000000000000
00111111111100000000000000000000
