00000000000000000000000000000000
00000000000000000000000000000000
00000000000000000000000000000000
00000000111111111111111100000000
00000011111111111111111111000000
00001111111111111111111111110000
00111111111111111111111111111100
00111111111100000000111111111100
00111111110000000000001111111100
00111111110000000000001111111100
00111111110000000000001111111100
00111111110000000000001111111100
00111111110000000000001111111100
00111111110000000000001111111100
00111111110000000000001111111100
00111111110000000000001111111100
00111111110000000000001111111100
00111111110000000000001111111100
00111111110000000000001111111100
00111111110000000011111111111100
00111111110000001111111111111100
00111111111111111111111111111100
00111111111111111111111111111111
00001111111111111111111111111111
00000011111111111111111111111111
00000000111111111111111100111111
00000000000000000000000000000000
00000000000000000000000000000000
00000000000000000000000000000000
00000000000000000000000000000000
00000000000000000000000000000000
00000000000000000000000000000000
