00000000000000000000000000000000
00000000000000000000000000000000
00000000000000000000000000000000
00000000000000000000000000000000
00000000000000000000000000000000
00000000001111111111111000000000
00000001111111111111111111000000
00000111111111111111111111110000
00011111111111111111111111111100
00011111111111000001111111111100
00011111111100000000011111111100
00011111111100000000011111111100
00011111111100000000011111111100
00011111111100000000011111111100
00011111111100000000011111111100
00011111111100000000011111111100
00011111111100000000011111111100
00011111111100000000011111111100
00011111111100000000011111111100
00011111111100000000011111111100
00011111111100000000011111111100
00011111111100000000011111111100
00011111111100000000011111111100
00011111111100001111111111111100
00011111111100001111111111111100
00011111111111111111111111111100
00011111111111111111111111111111
00000111111111111111111111111111
00000001111111111111111111111111
00000000001111111111111000111111
00000000001111111111111000111111
00000000000000000000000000000000
