00000000000000000000000000000000
00000000000000000000000000000000
00000000000000000000000000000000
00000000000000000000000000000000
00000000000000000000000000000000
00000000111111111111111000000000
00000000111111111111111110000000
00000111111111111111111111110000
00011111111111111111111111111100
00011111111110000000111111111100
00011111110000000000000111111100
00011111110000000000000111111100
00011111110000000000000111111100
00011111110000000000000111111100
00011111110000000000000111111100
00011111110000000000000111111100
00011111110000000000000111111100
00011111110000000000000111111100
00011111110000000000000111111100
00011111110000000000000111111100
00011111110000000000000111111100
00011111110000000000000111111100
00011111110000000000000111111100
00011111110000000000000111111100
00011111110000000011111111111100
00011111110000011111111111111100
00011111111111111111111111111100
00011111111111111111111111111111
00000111111111111111111111111111
00000000111111111111111111111111
00000000111111111111111001111111
00000000111111111111111001111111
