00000000000000000000000000000000
00000000000000000000000000000000
00000000000000000000000000000000
00000000011111111111111100000000
00000001111111111111111111000000
00000111111111111111111111110000
00011111111111111111111111111100
00011111111110000000111111111100
00011111111000000000001111111100
00011111111000000000001111111100
00011111111000000000001111111100
00011111111000000000001111111100
00011111111000000000001111111100
00011111111000000000001111111100
00011111111000000000001111111100
00011111111000000000001111111100
00011111111000000000001111111100
00011111111000000000001111111100
00011111111000000000001111111100
00011111111000000000001111111100
00011111111000000000001111111100
00011111111000000011111111111100
00011111111000011111111111111100
00011111111111111111111111111100
00011111111111111111111111111111
00000111111111111111111111111111
00000001111111111111111111111111
00000000011111111111111100111111
00000000011111111111111100111111
00000000000000000000000000000000
00000000000000000000000000000000
00000000000000000000000000000000
