00111111111111111111111111100000
00111111111111111111111111100000
00111111111111111111111111111110
00111111111111111111111111111111
00111111111111111111111111111111
00111111111111111111111111111111
00111111111111111111111111111111
00111111111100000000000111111111
00111111111100000000000001111111
00111111111100000000000001111111
00111111111100000000000001111111
00111111111100000000000001111111
00111111111100000000000001111111
00111111111100000000000111111111
00111111111100000000000111111111
00111111111111111111111111111111
00111111111111111111111111111111
00111111111111111111111111111110
00111111111111111111111111100000
00111111111111111111111111100000
00111111111100000000011111111110
00111111111100000000011111111111
00111111111100000000000111111111
00111111111100000000000111111111
00111111111100000000000001111111
00111111111100000000000001111111
00111111111100000000000001111111
00111111111100000000000001111111
00111111111100000000000001111111
00111111111100000000000001111111
00111111111100000000000001111111
00111111111100000000000001111111
