00000000000000000000000000000000
00000000000000000000000000000000
00000000000000000000000000000000
00011111111111111111111111111111
00011111111111111111111111111111
00011111111111111111111111111111
00000000000000011111000000000000
00000000000000011111000000000000
00000000000000011111000000000000
00000000000000011111000000000000
00000000000000011111000000000000
00000000000000011111000000000000
00000000000000011111000000000000
00000000000000011111000000000000
00000000000000011111000000000000
00000000000000011111000000000000
00000000000000011111000000000000
00000000000000011111000000000000
00000000000000011111000000000000
00000000000000011111000000000000
00000000000000011111000000000000
00000000000000011111000000000000
00000000000000011111000000000000
00000000000000011111000000000000
00000000000000011111000000000000
00000000000000000000000000000000
00000000000000000000000000000000
00000000000000000000000000000000
00000000000000000000000000000000
00000000000000000000000000000000
00000000000000000000000000000000
00000000000000000000000000000000
