00000000000000000000000000000000
00000000000000000000000000000000
00001111111111111111111111111111
00001111111111111111111111111111
00001111111111111111111111111111
00001111111111111111111111111111
00000000000000011111111110000000
00000000000000011111111110000000
00000000000000011111111110000000
00000000000000011111111110000000
00000000000000011111111110000000
00000000000000011111111110000000
00000000000000011111111110000000
00000000000000011111111110000000
00000000000000011111111110000000
00000000000000011111111110000000
00000000000000011111111110000000
00000000000000011111111110000000
00000000000000011111111110000000
00000000000000011111111110000000
00000000000000011111111110000000
00000000000000011111111110000000
00000000000000011111111110000000
00000000000000011111111110000000
00000000000000011111111110000000
00000000000000000000000000000000
00000000000000000000000000000000
00000000000000000000000000000000
00000000000000000000000000000000
00000000000000000000000000000000
00000000000000000000000000000000
00000000000000000000000000000000
