00000000000000000000000000000000
00000000000000000000000000000000
00000000000000000000000000000000
00000000000000000000000000000000
00011111111111111111111111111111
00011111111111111111111111111111
00011111111111111111111111111111
00011111111111111111111111111111
00000000000001111111111110000000
00000000000001111111111110000000
00000000000001111111111110000000
00000000000001111111111110000000
00000000000001111111111110000000
00000000000001111111111110000000
00000000000001111111111110000000
00000000000001111111111110000000
00000000000001111111111110000000
00000000000001111111111110000000
00000000000001111111111110000000
00000000000001111111111110000000
00000000000001111111111110000000
00000000000001111111111110000000
00000000000001111111111110000000
00000000000001111111111110000000
00000000000001111111111110000000
00000000000001111111111110000000
00000000000001111111111110000000
00000000000001111111111110000000
00000000000001111111111110000000
00000000000000000000000000000000
00000000000000000000000000000000
00000000000000000000000000000000
