00000000000000000000000000000000
00000000000000000000000000000000
00000000000000000000000000000000
00000000000000000000000000000000
00011111100000000000000000001111
00011111100000000000000000001111
00011111100000000000000000001111
00011111100000000000000000001111
00011111100000000000000000001111
00011111100000000000000000001111
00011111100000000000000000001111
00000111111000000000000000111111
00000111111000000000000000111111
00000001111110000000000011111100
00000000011111100000001111110000
00000000011111100000111111110000
00000000000111111100111111000000
00000000000111111100111111000000
00000000000111111100111111000000
00000000000001111111111100000000
00000000000001111111111100000000
00000000000000011111110000000000
00000000000000011111110000000000
00000000000000000011000000000000
00000000000000000011000000000000
00000000000000000000000000000000
00000000000000000000000000000000
00000000000000000000000000000000
00000000000000000000000000000000
00000000000000000000000000000000
00000000000000000000000000000000
00000000000000000000000000000000
