00000000000000000000000000000000
00000000000000000000000000000000
00000000000000000000000000000000
00011111111110000000000001111111
00011111111110000000000001111111
00011111111110000000000001111111
00011111111110000000000001111111
00011111111110000000000001111111
00011111111110000000000001111111
00011111111110000000000001111111
00011111111110000000000001111111
00011111111110000000000001111111
00011111111110000000000001111111
00011111111110000000000001111111
00011111111110000000000001111111
00011111111110000000000001111111
00011111111110000000000001111111
00011111111110000000000001111111
00011111111110000000000001111111
00011111111111100000000111111111
00011111111111111100111111111111
00000111111111111111111111111111
00000000111111111111111111111100
00000000001111111111111111110000
00000000000001111111111110000000
00000000000000011111111000000000
00000000000000000000000000000000
00000000000000000000000000000000
00000000000000000000000000000000
00000000000000000000000000000000
00000000000000000000000000000000
00000000000000000000000000000000
