00000000000000000000000000000000
00000000000000000000000000000000
00000000000000000000000000000000
00000000000000000000000000000000
00000000000000000000000000000000
00111111000000000000000000001111
00111111000000000000000000001111
00111111000000000000000000001111
00111111000000000000000000001111
00111111000000000000000000001111
00111111000000000000000000001111
00111111000000000000000000001111
00001111110000000000000000111111
00001111110000000000000000111111
00000011111100000000000011111100
00000011111100000000001111111100
00000000111111000000001111110000
00000000111111000000001111110000
00000000111111000000111111110000
00000000001111110000111111000000
00000000001111110011111111000000
00000000000011111111111100000000
00000000000011111111111100000000
00000000000000111111110000000000
00000000000000111111110000000000
00000000000000001111000000000000
00000000000000001111000000000000
00000000000000000000000000000000
00000000000000000000000000000000
00000000000000000000000000000000
00000000000000000000000000000000
00000000000000000000000000000000
