00000000000000000000000000000000
00000000000000000000000000000000
00000000000000000000000000000000
00000000000000000000000000000000
00000000000000000000000000000000
00000000000000000000000000000000
00111111000000000000000000000111
00111111000000000000000000000111
00111111000000000000000000000111
00111111000000000000000000000111
00111111000000000000000000000111
00111111000000000000000000000111
00111111000000000000000000000111
00001111110000000000000000011111
00001111110000000000000000011111
00000011111100000000000001111110
00000011111100000000000111111110
00000011111100000000000111111110
00000000111111000000000111111000
00000000111111000000011111111000
00000000001111110000011111100000
00000000001111110001111111100000
00000000000011111111111110000000
00000000000011111111111110000000
00000000000000111111111000000000
00000000000000111111111000000000
00000000000000001111100000000000
00000000000000001111100000000000
00000000000000000000000000000000
00000000000000000000000000000000
00000000000000000000000000000000
00000000000000000000000000000000
