00000000000000000000000000000000
00000000000000000000000000000000
00000000000000000000000000000000
00000000000000000000000000000000
00000000000000000000000000000000
00011111111110000000000001111111
00011111111110000000000001111111
00011111111110000000000001111111
00011111111110000000000001111111
00011111111110000000000001111111
00011111111110000000000001111111
00011111111110000000000001111111
00011111111110000000000001111111
00011111111110000000000001111111
00011111111110000000000001111111
00011111111110000000000001111111
00011111111110000000000001111111
00011111111110000000000001111111
00011111111110000000000001111111
00011111111110000000000001111111
00011111111110011111111001111111
00011111111110011111111001111111
00011111111111111111111111111111
00011111111111111111111111111111
00011111111111111100111111111111
00011111111111111100111111111111
00011111111111100000000111111111
00011111111111100000000111111111
00011111111110000000000001111111
00011111111110000000000001111111
00011111111110000000000001111111
00000000000000000000000000000000
