00000000000000000000000000000000
00000000000000000000000000000000
00000000000000000000000000000000
00000000000000000000000000000000
00000000000000000000000000000000
00000000000000000000000000000000
00000000000000000000000000000000
00011111110000011111111000001111
00011111110000011111111000001111
00011111110000011111111000001111
00011111110000011111111000001111
00011111110000011111111000001111
00011111110000011111111000001111
00011111110000011111111000001111
00011111110000011111111000001111
00011111110000011111111000001111
00011111110000011111111000001111
00011111110000011111111000001111
00000111111111111100111111111111
00000000111111111100000111111100
00000000001111100000000111110000
00000000000000000000000000000000
00000000000000000000000000000000
00000000000000000000000000000000
00000000000000000000000000000000
00000000000000000000000000000000
00000000000000000000000000000000
00000000000000000000000000000000
00000000000000000000000000000000
00000000000000000000000000000000
00000000000000000000000000000000
00000000000000000000000000000000
