00000000000000000000000000000000
00000000000000000000000000000000
00000000000000000000000000000000
00000000000000000000000000000000
00000000000000000000000000000000
00000000000000000000000000000000
00000000000000000000000000000000
00000000000000000000000000000000
00011111110000000000000000001111
00011111110000000000000000001111
00011111110000000000000000001111
00011111110000000000000000001111
00011111110000000000000000001111
00011111111100000000000000111111
00000111111100000000000000111111
00000001111111000000000111111100
00000000001111110000011111110000
00000000001111110000011111110000
00000000000011111111111111000000
00000000000011111111111111000000
00000000000011111111111111000000
00000000001111110000011111110000
00000001111111000000000111111100
00000111111100000000000000111111
00011111111100000000000000111111
00011111110000000000000000001111
00011111110000000000000000001111
00011111110000000000000000001111
00011111110000000000000000001111
00011111110000000000000000001111
00000000000000000000000000000000
00000000000000000000000000000000
