00000000000000000000000000000000
00000000000000000000000000000000
00000000000000000000000000000000
00000000000000000000000000000000
00000000000000000000000000000000
00000000000000000000000000000000
00000000000000000000000000000000
00011111110000000000000000001111
00011111110000000000000000001111
00011111110000000000000000001111
00011111110000000000000000001111
00011111110000000000000000001111
00011111110000000000000000001111
00011111110000000000000000001111
00011111111100000000000000111111
00000111111111000000000111111111
00000000001111111110011111110000
00000000001111111110011111110000
00000000000011111111111111000000
00000000000000111111111000000000
00000000000000001111100000000000
00000000000000001111100000000000
00000000000000001111100000000000
00000000000000001111100000000000
00000000000000001111100000000000
00000000000000001111100000000000
00000000000000001111100000000000
00000000000000000000000000000000
00000000000000000000000000000000
00000000000000000000000000000000
00000000000000000000000000000000
00000000000000000000000000000000
